d_8_4096_L =   [7.313159,7.676394,7.613772,7.978831,8.709279]
d_8_4096_nL =  [7.122162,7.328275,7.379841,7.634951,8.041140]
d_12_4096_L =  [7.460215,7.869752,7.850203,8.026214,8.110976]
d_12_4096_nL = [7.289216,7.354880,7.405776,7.714981,7.896153]

d_8_8192_L =   [29.596776,30.637209,31.073152,31.879007,31.000577]
d_8_8192_nL =  [28.728074,29.841668,29.579258,30.850550,30.975757]
d_12_8192_L =  [30.718459,30.524480,31.897626,34.411482,32.434149]
d_12_8192_nL = [29.505912,29.834575,30.850016,32.728193,31.680446]
